(kicad_pcb (version 20171130) (host pcbnew "(5.0.0)")

  (general
    (thickness 1.6)
    (drawings 264)
    (tracks 252)
    (zones 0)
    (modules 30)
    (nets 17)
  )

  (page A4)
  (layers
    (0 F.Cu signal)
    (31 B.Cu signal)
    (32 B.Adhes user)
    (33 F.Adhes user)
    (34 B.Paste user)
    (35 F.Paste user)
    (36 B.SilkS user)
    (37 F.SilkS user)
    (38 B.Mask user)
    (39 F.Mask user)
    (40 Dwgs.User user)
    (41 Cmts.User user)
    (42 Eco1.User user)
    (43 Eco2.User user)
    (44 Edge.Cuts user)
    (45 Margin user)
    (46 B.CrtYd user)
    (47 F.CrtYd user)
    (48 B.Fab user)
    (49 F.Fab user)
  )

  (setup
    (last_trace_width 0.25)
    (trace_clearance 0.2)
    (zone_clearance 1)
    (zone_45_only no)
    (trace_min 0.2)
    (segment_width 1)
    (edge_width 0.15)
    (via_size 0.6)
    (via_drill 0.4)
    (via_min_size 0.4)
    (via_min_drill 0.3)
    (uvia_size 0.3)
    (uvia_drill 0.1)
    (uvias_allowed no)
    (uvia_min_size 0.2)
    (uvia_min_drill 0.1)
    (pcb_text_width 0.3)
    (pcb_text_size 1.5 1.5)
    (mod_edge_width 0.15)
    (mod_text_size 1 1)
    (mod_text_width 0.15)
    (pad_size 4 4)
    (pad_drill 2.5)
    (pad_to_mask_clearance 0.2)
    (aux_axis_origin 0 0)
    (visible_elements 7FFFFFFF)
    (pcbplotparams
      (layerselection 0x010f0_ffffffff)
      (usegerberextensions false)
      (usegerberattributes false)
      (usegerberadvancedattributes false)
      (creategerberjobfile false)
      (excludeedgelayer true)
      (linewidth 0.100000)
      (plotframeref false)
      (viasonmask false)
      (mode 1)
      (useauxorigin false)
      (hpglpennumber 1)
      (hpglpenspeed 20)
      (hpglpendiameter 15.000000)
      (psnegative false)
      (psa4output false)
      (plotreference true)
      (plotvalue true)
      (plotinvisibletext false)
      (padsonsilk false)
      (subtractmaskfromsilk false)
      (outputformat 1)
      (mirror false)
      (drillshape 0)
      (scaleselection 1)
      (outputdirectory "Sept_6_2/"))
  )

  (net 0 "")
  (net 1 GND)
  (net 2 "Net-(Battery1-Pad2)")
  (net 3 Serial_Data)
  (net 4 Serial_Clock)
  (net 5 Master_Reset)
  (net 6 Reg_Clock)
  (net 7 Output_Enable)
  (net 8 "Net-(BTN1-Pad1)")
  (net 9 A)
  (net 10 B)
  (net 11 C)
  (net 12 D)
  (net 13 E)
  (net 14 F)
  (net 15 G)
  (net 16 H)

  (net_class Default "This is the default net class."
    (clearance 0.2)
    (trace_width 0.25)
    (via_dia 0.6)
    (via_drill 0.4)
    (uvia_dia 0.3)
    (uvia_drill 0.1)
    (add_net A)
    (add_net B)
    (add_net C)
    (add_net D)
    (add_net E)
    (add_net F)
    (add_net G)
    (add_net GND)
    (add_net H)
    (add_net Master_Reset)
    (add_net "Net-(BTN1-Pad1)")
    (add_net "Net-(Battery1-Pad2)")
    (add_net Output_Enable)
    (add_net Reg_Clock)
    (add_net Serial_Clock)
    (add_net Serial_Data)
  )

  (module "TEST:CR2032 Housing" (layer B.Cu) (tedit 5B29A484) (tstamp 5B933AEF)
    (at 133.096 92.456)
    (path /5D7A5BB0)
    (fp_text reference Battery1 (at 0 -0.5) (layer B.SilkS)
      (effects (font (size 1 1) (thickness 0.15)) (justify mirror))
    )
    (fp_text value Bat (at 0 0.5) (layer B.Fab)
      (effects (font (size 1 1) (thickness 0.15)) (justify mirror))
    )
    (fp_text user CR2032 (at 0.384 2.314) (layer B.SilkS)
      (effects (font (size 2 2) (thickness 0.3)) (justify mirror))
    )
    (fp_text user - (at 0 5.5) (layer B.SilkS)
      (effects (font (size 2 2) (thickness 0.3)) (justify mirror))
    )
    (fp_text user + (at 0 -9) (layer B.SilkS)
      (effects (font (size 2 2) (thickness 0.3)) (justify mirror))
    )
    (fp_line (start 0 -12.5) (end -3.5 -12.5) (layer B.SilkS) (width 0.25))
    (fp_line (start -3.5 -12.5) (end -3.5 -10.5) (layer B.SilkS) (width 0.25))
    (fp_line (start 0 -12.5) (end 3 -12.5) (layer B.SilkS) (width 0.25))
    (fp_line (start 3 -12.5) (end 3.5 -12.5) (layer B.SilkS) (width 0.25))
    (fp_line (start 3.5 -12.5) (end 3.5 -10.5) (layer B.SilkS) (width 0.25))
    (fp_circle (center 0 0) (end 11 0) (layer B.SilkS) (width 0.25))
    (pad 1 thru_hole circle (at 0 8) (size 2.5 2.5) (drill 1.2) (layers *.Cu *.Mask)
      (net 1 GND))
    (pad 2 thru_hole circle (at 0 -11.5) (size 2.5 2.5) (drill 1.2) (layers *.Cu *.Mask)
      (net 2 "Net-(Battery1-Pad2)"))
    (model C:/Users/Reed/Downloads/BH-642.STEP
      (at (xyz 0 0 0))
      (scale (xyz 1 1 1))
      (rotate (xyz 0 0 90))
    )
  )

  (module Buttons_Switches_THT:SW_PUSH_6mm_h5mm (layer F.Cu) (tedit 5B9567A1) (tstamp 5B933B0E)
    (at 137.668 137.668 270)
    (descr "tactile push button, 6x6mm e.g. PHAP33xx series, height=5mm")
    (tags "tact sw push 6mm")
    (path /5D7A59D2)
    (fp_text reference BTN1 (at 3.452 2.032) (layer F.SilkS)
      (effects (font (size 1 1) (thickness 0.15)))
    )
    (fp_text value SW_SPST (at 3.75 6.7 270) (layer F.Fab)
      (effects (font (size 1 1) (thickness 0.15)))
    )
    (fp_text user %R (at 3.25 2.25 270) (layer F.Fab)
      (effects (font (size 1 1) (thickness 0.15)))
    )
    (fp_line (start 3.25 -0.75) (end 6.25 -0.75) (layer F.Fab) (width 0.1))
    (fp_line (start 6.25 -0.75) (end 6.25 5.25) (layer F.Fab) (width 0.1))
    (fp_line (start 6.25 5.25) (end 0.25 5.25) (layer F.Fab) (width 0.1))
    (fp_line (start 0.25 5.25) (end 0.25 -0.75) (layer F.Fab) (width 0.1))
    (fp_line (start 0.25 -0.75) (end 3.25 -0.75) (layer F.Fab) (width 0.1))
    (fp_line (start 7.75 6) (end 8 6) (layer F.CrtYd) (width 0.05))
    (fp_line (start 8 6) (end 8 5.75) (layer F.CrtYd) (width 0.05))
    (fp_line (start 7.75 -1.5) (end 8 -1.5) (layer F.CrtYd) (width 0.05))
    (fp_line (start 8 -1.5) (end 8 -1.25) (layer F.CrtYd) (width 0.05))
    (fp_line (start -1.5 -1.25) (end -1.5 -1.5) (layer F.CrtYd) (width 0.05))
    (fp_line (start -1.5 -1.5) (end -1.25 -1.5) (layer F.CrtYd) (width 0.05))
    (fp_line (start -1.5 5.75) (end -1.5 6) (layer F.CrtYd) (width 0.05))
    (fp_line (start -1.5 6) (end -1.25 6) (layer F.CrtYd) (width 0.05))
    (fp_line (start -1.25 -1.5) (end 7.75 -1.5) (layer F.CrtYd) (width 0.05))
    (fp_line (start -1.5 5.75) (end -1.5 -1.25) (layer F.CrtYd) (width 0.05))
    (fp_line (start 7.75 6) (end -1.25 6) (layer F.CrtYd) (width 0.05))
    (fp_line (start 8 -1.25) (end 8 5.75) (layer F.CrtYd) (width 0.05))
    (fp_line (start 1 5.5) (end 5.5 5.5) (layer F.SilkS) (width 0.12))
    (fp_line (start -0.25 1.5) (end -0.25 3) (layer F.SilkS) (width 0.12))
    (fp_line (start 5.5 -1) (end 1 -1) (layer F.SilkS) (width 0.12))
    (fp_line (start 6.75 3) (end 6.75 1.5) (layer F.SilkS) (width 0.12))
    (fp_circle (center 3.25 2.25) (end 1.25 2.5) (layer F.Fab) (width 0.1))
    (pad 2 thru_hole circle (at 0 4.5) (size 2 2) (drill 1.1) (layers *.Cu *.Mask)
      (net 1 GND))
    (pad 1 thru_hole circle (at 0 0) (size 2 2) (drill 1.1) (layers *.Cu *.Mask)
      (net 8 "Net-(BTN1-Pad1)"))
    (pad 2 thru_hole circle (at 6.5 4.5) (size 2 2) (drill 1.1) (layers *.Cu *.Mask)
      (net 1 GND))
    (pad 1 thru_hole circle (at 6.5 0) (size 2 2) (drill 1.1) (layers *.Cu *.Mask)
      (net 8 "Net-(BTN1-Pad1)"))
    (model ${KISYS3DMOD}/Buttons_Switches_THT.3dshapes/SW_PUSH_6mm_h5mm.wrl
      (offset (xyz 0.1269999980926514 0 0))
      (scale (xyz 0.3937 0.3937 0.3937))
      (rotate (xyz 0 0 0))
    )
  )

  (module "TEST:4mm Mount" (layer F.Cu) (tedit 5B95677A) (tstamp 5B9A4866)
    (at 132.842 54.864)
    (fp_text reference HOOK (at 0 5.08) (layer F.SilkS)
      (effects (font (size 0.5 0.5) (thickness 0.125)))
    )
    (fp_text value "4mm Mount" (at 0 -1) (layer F.Fab)
      (effects (font (size 1 1) (thickness 0.15)))
    )
    (pad 31 thru_hole circle (at 0 2.5) (size 4 4) (drill 2.5) (layers *.Cu *.Mask))
  )

  (module TEST:LED_D5.0mm_BigPads (layer F.Cu) (tedit 5D71C4FD) (tstamp 5D7A83AE)
    (at 125.476 131.064)
    (descr "LED, Round, FlatTop, diameter 5.0mm, 2 pins, http://www.kingbright.com/attachments/file/psearch/000/00/00/L-483GDT(Ver.15B).pdf")
    (tags "LED Round FlatTop diameter 5.0mm 2 pins")
    (path /5D7A884E)
    (fp_text reference D1 (at 1.6764 2.1844) (layer B.SilkS)
      (effects (font (size 1 1) (thickness 0.15)) (justify mirror))
    )
    (fp_text value LED (at 1.425 4.25) (layer F.Fab)
      (effects (font (size 1 1) (thickness 0.15)))
    )
    (fp_text user "+ -" (at 1.3208 -2.0828) (layer B.SilkS)
      (effects (font (size 1 1) (thickness 0.15)) (justify mirror))
    )
    (fp_arc (start 1.27 0) (end -1.23 -1.566046) (angle 295.9) (layer F.Fab) (width 0.1))
    (fp_arc (start 1.27 0) (end -1.29 -1.639512) (angle 147.4) (layer F.SilkS) (width 0.12))
    (fp_arc (start 1.27 0) (end -1.29 1.639512) (angle -147.4) (layer F.SilkS) (width 0.12))
    (fp_circle (center 1.27 0) (end 3.77 0) (layer F.Fab) (width 0.1))
    (fp_circle (center 1.27 0) (end 3.77 0) (layer F.SilkS) (width 0.12))
    (fp_line (start -1.23 -1.566046) (end -1.23 1.566046) (layer F.Fab) (width 0.1))
    (fp_line (start -1.29 -1.64) (end -1.29 1.64) (layer F.SilkS) (width 0.12))
    (fp_line (start -1.5 -3.25) (end -1.5 3.25) (layer F.CrtYd) (width 0.05))
    (fp_line (start -1.5 3.25) (end 4.55 3.3) (layer F.CrtYd) (width 0.05))
    (fp_line (start 4.55 3.3) (end 4.5 -3.25) (layer F.CrtYd) (width 0.05))
    (fp_line (start 4.5 -3.25) (end -1.5 -3.25) (layer F.CrtYd) (width 0.05))
    (fp_arc (start 1.27 0) (end -1.29 -1.639512) (angle 147.4) (layer B.SilkS) (width 0.12))
    (fp_arc (start 1.27 0) (end -1.29 1.639512) (angle -147.4) (layer B.SilkS) (width 0.12))
    (fp_line (start -1.29 -1.639512) (end -1.29 1.640488) (layer B.SilkS) (width 0.12))
    (pad 1 thru_hole roundrect (at 0 0) (size 2 2) (drill 0.82 (offset -0.25 0)) (layers *.Cu *.Mask) (roundrect_rratio 0.25)
      (net 1 GND))
    (pad 2 thru_hole oval (at 2.54 0) (size 2 2) (drill 0.82 (offset 0.25 0)) (layers *.Cu *.Mask)
      (net 10 B))
    (model ${KISYS3DMOD}/LEDs.3dshapes/LED_D5.0mm_FlatTop.wrl
      (at (xyz 0 0 0))
      (scale (xyz 0.393701 0.393701 0.393701))
      (rotate (xyz 0 0 0))
    )
  )

  (module TEST:LED_D5.0mm_BigPads (layer F.Cu) (tedit 5D71C4FD) (tstamp 5D7A83C2)
    (at 116.84 129.54)
    (descr "LED, Round, FlatTop, diameter 5.0mm, 2 pins, http://www.kingbright.com/attachments/file/psearch/000/00/00/L-483GDT(Ver.15B).pdf")
    (tags "LED Round FlatTop diameter 5.0mm 2 pins")
    (path /5D7A894F)
    (fp_text reference D2 (at 1.6764 2.1844) (layer B.SilkS)
      (effects (font (size 1 1) (thickness 0.15)) (justify mirror))
    )
    (fp_text value LED (at 1.425 4.25) (layer F.Fab)
      (effects (font (size 1 1) (thickness 0.15)))
    )
    (fp_line (start -1.29 -1.639512) (end -1.29 1.640488) (layer B.SilkS) (width 0.12))
    (fp_arc (start 1.27 0) (end -1.29 1.639512) (angle -147.4) (layer B.SilkS) (width 0.12))
    (fp_arc (start 1.27 0) (end -1.29 -1.639512) (angle 147.4) (layer B.SilkS) (width 0.12))
    (fp_line (start 4.5 -3.25) (end -1.5 -3.25) (layer F.CrtYd) (width 0.05))
    (fp_line (start 4.55 3.3) (end 4.5 -3.25) (layer F.CrtYd) (width 0.05))
    (fp_line (start -1.5 3.25) (end 4.55 3.3) (layer F.CrtYd) (width 0.05))
    (fp_line (start -1.5 -3.25) (end -1.5 3.25) (layer F.CrtYd) (width 0.05))
    (fp_line (start -1.29 -1.64) (end -1.29 1.64) (layer F.SilkS) (width 0.12))
    (fp_line (start -1.23 -1.566046) (end -1.23 1.566046) (layer F.Fab) (width 0.1))
    (fp_circle (center 1.27 0) (end 3.77 0) (layer F.SilkS) (width 0.12))
    (fp_circle (center 1.27 0) (end 3.77 0) (layer F.Fab) (width 0.1))
    (fp_arc (start 1.27 0) (end -1.29 1.639512) (angle -147.4) (layer F.SilkS) (width 0.12))
    (fp_arc (start 1.27 0) (end -1.29 -1.639512) (angle 147.4) (layer F.SilkS) (width 0.12))
    (fp_arc (start 1.27 0) (end -1.23 -1.566046) (angle 295.9) (layer F.Fab) (width 0.1))
    (fp_text user "+ -" (at 1.3208 -2.0828) (layer B.SilkS)
      (effects (font (size 1 1) (thickness 0.15)) (justify mirror))
    )
    (pad 2 thru_hole oval (at 2.54 0) (size 2 2) (drill 0.82 (offset 0.25 0)) (layers *.Cu *.Mask)
      (net 10 B))
    (pad 1 thru_hole roundrect (at 0 0) (size 2 2) (drill 0.82 (offset -0.25 0)) (layers *.Cu *.Mask) (roundrect_rratio 0.25)
      (net 1 GND))
    (model ${KISYS3DMOD}/LEDs.3dshapes/LED_D5.0mm_FlatTop.wrl
      (at (xyz 0 0 0))
      (scale (xyz 0.393701 0.393701 0.393701))
      (rotate (xyz 0 0 0))
    )
  )

  (module TEST:LED_D5.0mm_BigPads (layer F.Cu) (tedit 5D71C4FD) (tstamp 5D7A83D6)
    (at 107.188 127.508)
    (descr "LED, Round, FlatTop, diameter 5.0mm, 2 pins, http://www.kingbright.com/attachments/file/psearch/000/00/00/L-483GDT(Ver.15B).pdf")
    (tags "LED Round FlatTop diameter 5.0mm 2 pins")
    (path /5D7A8975)
    (fp_text reference D3 (at 1.6764 2.1844) (layer B.SilkS)
      (effects (font (size 1 1) (thickness 0.15)) (justify mirror))
    )
    (fp_text value LED (at 1.425 4.25) (layer F.Fab)
      (effects (font (size 1 1) (thickness 0.15)))
    )
    (fp_text user "+ -" (at 1.3208 -2.0828) (layer B.SilkS)
      (effects (font (size 1 1) (thickness 0.15)) (justify mirror))
    )
    (fp_arc (start 1.27 0) (end -1.23 -1.566046) (angle 295.9) (layer F.Fab) (width 0.1))
    (fp_arc (start 1.27 0) (end -1.29 -1.639512) (angle 147.4) (layer F.SilkS) (width 0.12))
    (fp_arc (start 1.27 0) (end -1.29 1.639512) (angle -147.4) (layer F.SilkS) (width 0.12))
    (fp_circle (center 1.27 0) (end 3.77 0) (layer F.Fab) (width 0.1))
    (fp_circle (center 1.27 0) (end 3.77 0) (layer F.SilkS) (width 0.12))
    (fp_line (start -1.23 -1.566046) (end -1.23 1.566046) (layer F.Fab) (width 0.1))
    (fp_line (start -1.29 -1.64) (end -1.29 1.64) (layer F.SilkS) (width 0.12))
    (fp_line (start -1.5 -3.25) (end -1.5 3.25) (layer F.CrtYd) (width 0.05))
    (fp_line (start -1.5 3.25) (end 4.55 3.3) (layer F.CrtYd) (width 0.05))
    (fp_line (start 4.55 3.3) (end 4.5 -3.25) (layer F.CrtYd) (width 0.05))
    (fp_line (start 4.5 -3.25) (end -1.5 -3.25) (layer F.CrtYd) (width 0.05))
    (fp_arc (start 1.27 0) (end -1.29 -1.639512) (angle 147.4) (layer B.SilkS) (width 0.12))
    (fp_arc (start 1.27 0) (end -1.29 1.639512) (angle -147.4) (layer B.SilkS) (width 0.12))
    (fp_line (start -1.29 -1.639512) (end -1.29 1.640488) (layer B.SilkS) (width 0.12))
    (pad 1 thru_hole roundrect (at 0 0) (size 2 2) (drill 0.82 (offset -0.25 0)) (layers *.Cu *.Mask) (roundrect_rratio 0.25)
      (net 1 GND))
    (pad 2 thru_hole oval (at 2.54 0) (size 2 2) (drill 0.82 (offset 0.25 0)) (layers *.Cu *.Mask)
      (net 10 B))
    (model ${KISYS3DMOD}/LEDs.3dshapes/LED_D5.0mm_FlatTop.wrl
      (at (xyz 0 0 0))
      (scale (xyz 0.393701 0.393701 0.393701))
      (rotate (xyz 0 0 0))
    )
  )

  (module TEST:LED_D5.0mm_BigPads (layer F.Cu) (tedit 5D71C4FD) (tstamp 5D7A83EA)
    (at 97.028 122.428)
    (descr "LED, Round, FlatTop, diameter 5.0mm, 2 pins, http://www.kingbright.com/attachments/file/psearch/000/00/00/L-483GDT(Ver.15B).pdf")
    (tags "LED Round FlatTop diameter 5.0mm 2 pins")
    (path /5D7B2140)
    (fp_text reference D4 (at 1.6764 2.1844) (layer B.SilkS)
      (effects (font (size 1 1) (thickness 0.15)) (justify mirror))
    )
    (fp_text value LED (at 1.425 4.25) (layer F.Fab)
      (effects (font (size 1 1) (thickness 0.15)))
    )
    (fp_line (start -1.29 -1.639512) (end -1.29 1.640488) (layer B.SilkS) (width 0.12))
    (fp_arc (start 1.27 0) (end -1.29 1.639512) (angle -147.4) (layer B.SilkS) (width 0.12))
    (fp_arc (start 1.27 0) (end -1.29 -1.639512) (angle 147.4) (layer B.SilkS) (width 0.12))
    (fp_line (start 4.5 -3.25) (end -1.5 -3.25) (layer F.CrtYd) (width 0.05))
    (fp_line (start 4.55 3.3) (end 4.5 -3.25) (layer F.CrtYd) (width 0.05))
    (fp_line (start -1.5 3.25) (end 4.55 3.3) (layer F.CrtYd) (width 0.05))
    (fp_line (start -1.5 -3.25) (end -1.5 3.25) (layer F.CrtYd) (width 0.05))
    (fp_line (start -1.29 -1.64) (end -1.29 1.64) (layer F.SilkS) (width 0.12))
    (fp_line (start -1.23 -1.566046) (end -1.23 1.566046) (layer F.Fab) (width 0.1))
    (fp_circle (center 1.27 0) (end 3.77 0) (layer F.SilkS) (width 0.12))
    (fp_circle (center 1.27 0) (end 3.77 0) (layer F.Fab) (width 0.1))
    (fp_arc (start 1.27 0) (end -1.29 1.639512) (angle -147.4) (layer F.SilkS) (width 0.12))
    (fp_arc (start 1.27 0) (end -1.29 -1.639512) (angle 147.4) (layer F.SilkS) (width 0.12))
    (fp_arc (start 1.27 0) (end -1.23 -1.566046) (angle 295.9) (layer F.Fab) (width 0.1))
    (fp_text user "+ -" (at 1.3208 -2.0828) (layer B.SilkS)
      (effects (font (size 1 1) (thickness 0.15)) (justify mirror))
    )
    (pad 2 thru_hole oval (at 2.54 0) (size 2 2) (drill 0.82 (offset 0.25 0)) (layers *.Cu *.Mask)
      (net 11 C))
    (pad 1 thru_hole roundrect (at 0 0) (size 2 2) (drill 0.82 (offset -0.25 0)) (layers *.Cu *.Mask) (roundrect_rratio 0.25)
      (net 1 GND))
    (model ${KISYS3DMOD}/LEDs.3dshapes/LED_D5.0mm_FlatTop.wrl
      (at (xyz 0 0 0))
      (scale (xyz 0.393701 0.393701 0.393701))
      (rotate (xyz 0 0 0))
    )
  )

  (module TEST:LED_D5.0mm_BigPads (layer F.Cu) (tedit 5D71C4FD) (tstamp 5D7A83FE)
    (at 107.188 117.856)
    (descr "LED, Round, FlatTop, diameter 5.0mm, 2 pins, http://www.kingbright.com/attachments/file/psearch/000/00/00/L-483GDT(Ver.15B).pdf")
    (tags "LED Round FlatTop diameter 5.0mm 2 pins")
    (path /5D7B2147)
    (fp_text reference D5 (at 1.6764 2.1844) (layer B.SilkS)
      (effects (font (size 1 1) (thickness 0.15)) (justify mirror))
    )
    (fp_text value LED (at 1.425 4.25) (layer F.Fab)
      (effects (font (size 1 1) (thickness 0.15)))
    )
    (fp_text user "+ -" (at 1.3208 -2.0828) (layer B.SilkS)
      (effects (font (size 1 1) (thickness 0.15)) (justify mirror))
    )
    (fp_arc (start 1.27 0) (end -1.23 -1.566046) (angle 295.9) (layer F.Fab) (width 0.1))
    (fp_arc (start 1.27 0) (end -1.29 -1.639512) (angle 147.4) (layer F.SilkS) (width 0.12))
    (fp_arc (start 1.27 0) (end -1.29 1.639512) (angle -147.4) (layer F.SilkS) (width 0.12))
    (fp_circle (center 1.27 0) (end 3.77 0) (layer F.Fab) (width 0.1))
    (fp_circle (center 1.27 0) (end 3.77 0) (layer F.SilkS) (width 0.12))
    (fp_line (start -1.23 -1.566046) (end -1.23 1.566046) (layer F.Fab) (width 0.1))
    (fp_line (start -1.29 -1.64) (end -1.29 1.64) (layer F.SilkS) (width 0.12))
    (fp_line (start -1.5 -3.25) (end -1.5 3.25) (layer F.CrtYd) (width 0.05))
    (fp_line (start -1.5 3.25) (end 4.55 3.3) (layer F.CrtYd) (width 0.05))
    (fp_line (start 4.55 3.3) (end 4.5 -3.25) (layer F.CrtYd) (width 0.05))
    (fp_line (start 4.5 -3.25) (end -1.5 -3.25) (layer F.CrtYd) (width 0.05))
    (fp_arc (start 1.27 0) (end -1.29 -1.639512) (angle 147.4) (layer B.SilkS) (width 0.12))
    (fp_arc (start 1.27 0) (end -1.29 1.639512) (angle -147.4) (layer B.SilkS) (width 0.12))
    (fp_line (start -1.29 -1.639512) (end -1.29 1.640488) (layer B.SilkS) (width 0.12))
    (pad 1 thru_hole roundrect (at 0 0) (size 2 2) (drill 0.82 (offset -0.25 0)) (layers *.Cu *.Mask) (roundrect_rratio 0.25)
      (net 1 GND))
    (pad 2 thru_hole oval (at 2.54 0) (size 2 2) (drill 0.82 (offset 0.25 0)) (layers *.Cu *.Mask)
      (net 11 C))
    (model ${KISYS3DMOD}/LEDs.3dshapes/LED_D5.0mm_FlatTop.wrl
      (at (xyz 0 0 0))
      (scale (xyz 0.393701 0.393701 0.393701))
      (rotate (xyz 0 0 0))
    )
  )

  (module TEST:LED_D5.0mm_BigPads (layer F.Cu) (tedit 5D71C4FD) (tstamp 5D7A8412)
    (at 114.3 110.744)
    (descr "LED, Round, FlatTop, diameter 5.0mm, 2 pins, http://www.kingbright.com/attachments/file/psearch/000/00/00/L-483GDT(Ver.15B).pdf")
    (tags "LED Round FlatTop diameter 5.0mm 2 pins")
    (path /5D7B214E)
    (fp_text reference D6 (at 1.6764 2.1844) (layer B.SilkS)
      (effects (font (size 1 1) (thickness 0.15)) (justify mirror))
    )
    (fp_text value LED (at 1.425 4.25) (layer F.Fab)
      (effects (font (size 1 1) (thickness 0.15)))
    )
    (fp_line (start -1.29 -1.639512) (end -1.29 1.640488) (layer B.SilkS) (width 0.12))
    (fp_arc (start 1.27 0) (end -1.29 1.639512) (angle -147.4) (layer B.SilkS) (width 0.12))
    (fp_arc (start 1.27 0) (end -1.29 -1.639512) (angle 147.4) (layer B.SilkS) (width 0.12))
    (fp_line (start 4.5 -3.25) (end -1.5 -3.25) (layer F.CrtYd) (width 0.05))
    (fp_line (start 4.55 3.3) (end 4.5 -3.25) (layer F.CrtYd) (width 0.05))
    (fp_line (start -1.5 3.25) (end 4.55 3.3) (layer F.CrtYd) (width 0.05))
    (fp_line (start -1.5 -3.25) (end -1.5 3.25) (layer F.CrtYd) (width 0.05))
    (fp_line (start -1.29 -1.64) (end -1.29 1.64) (layer F.SilkS) (width 0.12))
    (fp_line (start -1.23 -1.566046) (end -1.23 1.566046) (layer F.Fab) (width 0.1))
    (fp_circle (center 1.27 0) (end 3.77 0) (layer F.SilkS) (width 0.12))
    (fp_circle (center 1.27 0) (end 3.77 0) (layer F.Fab) (width 0.1))
    (fp_arc (start 1.27 0) (end -1.29 1.639512) (angle -147.4) (layer F.SilkS) (width 0.12))
    (fp_arc (start 1.27 0) (end -1.29 -1.639512) (angle 147.4) (layer F.SilkS) (width 0.12))
    (fp_arc (start 1.27 0) (end -1.23 -1.566046) (angle 295.9) (layer F.Fab) (width 0.1))
    (fp_text user "+ -" (at 1.3208 -2.0828) (layer B.SilkS)
      (effects (font (size 1 1) (thickness 0.15)) (justify mirror))
    )
    (pad 2 thru_hole oval (at 2.54 0) (size 2 2) (drill 0.82 (offset 0.25 0)) (layers *.Cu *.Mask)
      (net 11 C))
    (pad 1 thru_hole roundrect (at 0 0) (size 2 2) (drill 0.82 (offset -0.25 0)) (layers *.Cu *.Mask) (roundrect_rratio 0.25)
      (net 1 GND))
    (model ${KISYS3DMOD}/LEDs.3dshapes/LED_D5.0mm_FlatTop.wrl
      (at (xyz 0 0 0))
      (scale (xyz 0.393701 0.393701 0.393701))
      (rotate (xyz 0 0 0))
    )
  )

  (module TEST:LED_D5.0mm_BigPads (layer F.Cu) (tedit 5D71C4FD) (tstamp 5D7A8426)
    (at 110.744 103.124)
    (descr "LED, Round, FlatTop, diameter 5.0mm, 2 pins, http://www.kingbright.com/attachments/file/psearch/000/00/00/L-483GDT(Ver.15B).pdf")
    (tags "LED Round FlatTop diameter 5.0mm 2 pins")
    (path /5D7B365B)
    (fp_text reference D7 (at 1.6764 2.1844) (layer B.SilkS)
      (effects (font (size 1 1) (thickness 0.15)) (justify mirror))
    )
    (fp_text value LED (at 1.425 4.25) (layer F.Fab)
      (effects (font (size 1 1) (thickness 0.15)))
    )
    (fp_text user "+ -" (at 1.3208 -2.0828) (layer B.SilkS)
      (effects (font (size 1 1) (thickness 0.15)) (justify mirror))
    )
    (fp_arc (start 1.27 0) (end -1.23 -1.566046) (angle 295.9) (layer F.Fab) (width 0.1))
    (fp_arc (start 1.27 0) (end -1.29 -1.639512) (angle 147.4) (layer F.SilkS) (width 0.12))
    (fp_arc (start 1.27 0) (end -1.29 1.639512) (angle -147.4) (layer F.SilkS) (width 0.12))
    (fp_circle (center 1.27 0) (end 3.77 0) (layer F.Fab) (width 0.1))
    (fp_circle (center 1.27 0) (end 3.77 0) (layer F.SilkS) (width 0.12))
    (fp_line (start -1.23 -1.566046) (end -1.23 1.566046) (layer F.Fab) (width 0.1))
    (fp_line (start -1.29 -1.64) (end -1.29 1.64) (layer F.SilkS) (width 0.12))
    (fp_line (start -1.5 -3.25) (end -1.5 3.25) (layer F.CrtYd) (width 0.05))
    (fp_line (start -1.5 3.25) (end 4.55 3.3) (layer F.CrtYd) (width 0.05))
    (fp_line (start 4.55 3.3) (end 4.5 -3.25) (layer F.CrtYd) (width 0.05))
    (fp_line (start 4.5 -3.25) (end -1.5 -3.25) (layer F.CrtYd) (width 0.05))
    (fp_arc (start 1.27 0) (end -1.29 -1.639512) (angle 147.4) (layer B.SilkS) (width 0.12))
    (fp_arc (start 1.27 0) (end -1.29 1.639512) (angle -147.4) (layer B.SilkS) (width 0.12))
    (fp_line (start -1.29 -1.639512) (end -1.29 1.640488) (layer B.SilkS) (width 0.12))
    (pad 1 thru_hole roundrect (at 0 0) (size 2 2) (drill 0.82 (offset -0.25 0)) (layers *.Cu *.Mask) (roundrect_rratio 0.25)
      (net 1 GND))
    (pad 2 thru_hole oval (at 2.54 0) (size 2 2) (drill 0.82 (offset 0.25 0)) (layers *.Cu *.Mask)
      (net 12 D))
    (model ${KISYS3DMOD}/LEDs.3dshapes/LED_D5.0mm_FlatTop.wrl
      (at (xyz 0 0 0))
      (scale (xyz 0.393701 0.393701 0.393701))
      (rotate (xyz 0 0 0))
    )
  )

  (module TEST:LED_D5.0mm_BigPads (layer F.Cu) (tedit 5D71C4FD) (tstamp 5D7A843A)
    (at 118.364 96.52)
    (descr "LED, Round, FlatTop, diameter 5.0mm, 2 pins, http://www.kingbright.com/attachments/file/psearch/000/00/00/L-483GDT(Ver.15B).pdf")
    (tags "LED Round FlatTop diameter 5.0mm 2 pins")
    (path /5D7B3662)
    (fp_text reference D8 (at 1.6764 2.1844) (layer B.SilkS)
      (effects (font (size 1 1) (thickness 0.15)) (justify mirror))
    )
    (fp_text value LED (at 1.425 4.25) (layer F.Fab)
      (effects (font (size 1 1) (thickness 0.15)))
    )
    (fp_line (start -1.29 -1.639512) (end -1.29 1.640488) (layer B.SilkS) (width 0.12))
    (fp_arc (start 1.27 0) (end -1.29 1.639512) (angle -147.4) (layer B.SilkS) (width 0.12))
    (fp_arc (start 1.27 0) (end -1.29 -1.639512) (angle 147.4) (layer B.SilkS) (width 0.12))
    (fp_line (start 4.5 -3.25) (end -1.5 -3.25) (layer F.CrtYd) (width 0.05))
    (fp_line (start 4.55 3.3) (end 4.5 -3.25) (layer F.CrtYd) (width 0.05))
    (fp_line (start -1.5 3.25) (end 4.55 3.3) (layer F.CrtYd) (width 0.05))
    (fp_line (start -1.5 -3.25) (end -1.5 3.25) (layer F.CrtYd) (width 0.05))
    (fp_line (start -1.29 -1.64) (end -1.29 1.64) (layer F.SilkS) (width 0.12))
    (fp_line (start -1.23 -1.566046) (end -1.23 1.566046) (layer F.Fab) (width 0.1))
    (fp_circle (center 1.27 0) (end 3.77 0) (layer F.SilkS) (width 0.12))
    (fp_circle (center 1.27 0) (end 3.77 0) (layer F.Fab) (width 0.1))
    (fp_arc (start 1.27 0) (end -1.29 1.639512) (angle -147.4) (layer F.SilkS) (width 0.12))
    (fp_arc (start 1.27 0) (end -1.29 -1.639512) (angle 147.4) (layer F.SilkS) (width 0.12))
    (fp_arc (start 1.27 0) (end -1.23 -1.566046) (angle 295.9) (layer F.Fab) (width 0.1))
    (fp_text user "+ -" (at 1.3208 -2.0828) (layer B.SilkS)
      (effects (font (size 1 1) (thickness 0.15)) (justify mirror))
    )
    (pad 2 thru_hole oval (at 2.54 0) (size 2 2) (drill 0.82 (offset 0.25 0)) (layers *.Cu *.Mask)
      (net 12 D))
    (pad 1 thru_hole roundrect (at 0 0) (size 2 2) (drill 0.82 (offset -0.25 0)) (layers *.Cu *.Mask) (roundrect_rratio 0.25)
      (net 1 GND))
    (model ${KISYS3DMOD}/LEDs.3dshapes/LED_D5.0mm_FlatTop.wrl
      (at (xyz 0 0 0))
      (scale (xyz 0.393701 0.393701 0.393701))
      (rotate (xyz 0 0 0))
    )
  )

  (module TEST:LED_D5.0mm_BigPads (layer F.Cu) (tedit 5D71C4FD) (tstamp 5D7A844E)
    (at 124.46 88.392)
    (descr "LED, Round, FlatTop, diameter 5.0mm, 2 pins, http://www.kingbright.com/attachments/file/psearch/000/00/00/L-483GDT(Ver.15B).pdf")
    (tags "LED Round FlatTop diameter 5.0mm 2 pins")
    (path /5D7B3669)
    (fp_text reference D9 (at 1.6764 2.1844) (layer B.SilkS)
      (effects (font (size 1 1) (thickness 0.15)) (justify mirror))
    )
    (fp_text value LED (at 1.425 4.25) (layer F.Fab)
      (effects (font (size 1 1) (thickness 0.15)))
    )
    (fp_text user "+ -" (at 1.3208 -2.0828) (layer B.SilkS)
      (effects (font (size 1 1) (thickness 0.15)) (justify mirror))
    )
    (fp_arc (start 1.27 0) (end -1.23 -1.566046) (angle 295.9) (layer F.Fab) (width 0.1))
    (fp_arc (start 1.27 0) (end -1.29 -1.639512) (angle 147.4) (layer F.SilkS) (width 0.12))
    (fp_arc (start 1.27 0) (end -1.29 1.639512) (angle -147.4) (layer F.SilkS) (width 0.12))
    (fp_circle (center 1.27 0) (end 3.77 0) (layer F.Fab) (width 0.1))
    (fp_circle (center 1.27 0) (end 3.77 0) (layer F.SilkS) (width 0.12))
    (fp_line (start -1.23 -1.566046) (end -1.23 1.566046) (layer F.Fab) (width 0.1))
    (fp_line (start -1.29 -1.64) (end -1.29 1.64) (layer F.SilkS) (width 0.12))
    (fp_line (start -1.5 -3.25) (end -1.5 3.25) (layer F.CrtYd) (width 0.05))
    (fp_line (start -1.5 3.25) (end 4.55 3.3) (layer F.CrtYd) (width 0.05))
    (fp_line (start 4.55 3.3) (end 4.5 -3.25) (layer F.CrtYd) (width 0.05))
    (fp_line (start 4.5 -3.25) (end -1.5 -3.25) (layer F.CrtYd) (width 0.05))
    (fp_arc (start 1.27 0) (end -1.29 -1.639512) (angle 147.4) (layer B.SilkS) (width 0.12))
    (fp_arc (start 1.27 0) (end -1.29 1.639512) (angle -147.4) (layer B.SilkS) (width 0.12))
    (fp_line (start -1.29 -1.639512) (end -1.29 1.640488) (layer B.SilkS) (width 0.12))
    (pad 1 thru_hole roundrect (at 0 0) (size 2 2) (drill 0.82 (offset -0.25 0)) (layers *.Cu *.Mask) (roundrect_rratio 0.25)
      (net 1 GND))
    (pad 2 thru_hole oval (at 2.54 0) (size 2 2) (drill 0.82 (offset 0.25 0)) (layers *.Cu *.Mask)
      (net 12 D))
    (model ${KISYS3DMOD}/LEDs.3dshapes/LED_D5.0mm_FlatTop.wrl
      (at (xyz 0 0 0))
      (scale (xyz 0.393701 0.393701 0.393701))
      (rotate (xyz 0 0 0))
    )
  )

  (module TEST:LED_D5.0mm_BigPads (layer F.Cu) (tedit 5D71C4FD) (tstamp 5D7A8462)
    (at 120.904 80.264)
    (descr "LED, Round, FlatTop, diameter 5.0mm, 2 pins, http://www.kingbright.com/attachments/file/psearch/000/00/00/L-483GDT(Ver.15B).pdf")
    (tags "LED Round FlatTop diameter 5.0mm 2 pins")
    (path /5D7B539C)
    (fp_text reference D10 (at 1.6764 2.1844) (layer B.SilkS)
      (effects (font (size 1 1) (thickness 0.15)) (justify mirror))
    )
    (fp_text value LED (at 1.425 4.25) (layer F.Fab)
      (effects (font (size 1 1) (thickness 0.15)))
    )
    (fp_text user "+ -" (at 1.3208 -2.0828) (layer B.SilkS)
      (effects (font (size 1 1) (thickness 0.15)) (justify mirror))
    )
    (fp_arc (start 1.27 0) (end -1.23 -1.566046) (angle 295.9) (layer F.Fab) (width 0.1))
    (fp_arc (start 1.27 0) (end -1.29 -1.639512) (angle 147.4) (layer F.SilkS) (width 0.12))
    (fp_arc (start 1.27 0) (end -1.29 1.639512) (angle -147.4) (layer F.SilkS) (width 0.12))
    (fp_circle (center 1.27 0) (end 3.77 0) (layer F.Fab) (width 0.1))
    (fp_circle (center 1.27 0) (end 3.77 0) (layer F.SilkS) (width 0.12))
    (fp_line (start -1.23 -1.566046) (end -1.23 1.566046) (layer F.Fab) (width 0.1))
    (fp_line (start -1.29 -1.64) (end -1.29 1.64) (layer F.SilkS) (width 0.12))
    (fp_line (start -1.5 -3.25) (end -1.5 3.25) (layer F.CrtYd) (width 0.05))
    (fp_line (start -1.5 3.25) (end 4.55 3.3) (layer F.CrtYd) (width 0.05))
    (fp_line (start 4.55 3.3) (end 4.5 -3.25) (layer F.CrtYd) (width 0.05))
    (fp_line (start 4.5 -3.25) (end -1.5 -3.25) (layer F.CrtYd) (width 0.05))
    (fp_arc (start 1.27 0) (end -1.29 -1.639512) (angle 147.4) (layer B.SilkS) (width 0.12))
    (fp_arc (start 1.27 0) (end -1.29 1.639512) (angle -147.4) (layer B.SilkS) (width 0.12))
    (fp_line (start -1.29 -1.639512) (end -1.29 1.640488) (layer B.SilkS) (width 0.12))
    (pad 1 thru_hole roundrect (at 0 0) (size 2 2) (drill 0.82 (offset -0.25 0)) (layers *.Cu *.Mask) (roundrect_rratio 0.25)
      (net 1 GND))
    (pad 2 thru_hole oval (at 2.54 0) (size 2 2) (drill 0.82 (offset 0.25 0)) (layers *.Cu *.Mask)
      (net 13 E))
    (model ${KISYS3DMOD}/LEDs.3dshapes/LED_D5.0mm_FlatTop.wrl
      (at (xyz 0 0 0))
      (scale (xyz 0.393701 0.393701 0.393701))
      (rotate (xyz 0 0 0))
    )
  )

  (module TEST:LED_D5.0mm_BigPads (layer F.Cu) (tedit 5D71C4FD) (tstamp 5D7A8476)
    (at 131.064 71.12)
    (descr "LED, Round, FlatTop, diameter 5.0mm, 2 pins, http://www.kingbright.com/attachments/file/psearch/000/00/00/L-483GDT(Ver.15B).pdf")
    (tags "LED Round FlatTop diameter 5.0mm 2 pins")
    (path /5D7B53A3)
    (fp_text reference D11 (at 1.6764 2.1844) (layer B.SilkS)
      (effects (font (size 1 1) (thickness 0.15)) (justify mirror))
    )
    (fp_text value LED (at 1.425 4.25) (layer F.Fab)
      (effects (font (size 1 1) (thickness 0.15)))
    )
    (fp_line (start -1.29 -1.639512) (end -1.29 1.640488) (layer B.SilkS) (width 0.12))
    (fp_arc (start 1.27 0) (end -1.29 1.639512) (angle -147.4) (layer B.SilkS) (width 0.12))
    (fp_arc (start 1.27 0) (end -1.29 -1.639512) (angle 147.4) (layer B.SilkS) (width 0.12))
    (fp_line (start 4.5 -3.25) (end -1.5 -3.25) (layer F.CrtYd) (width 0.05))
    (fp_line (start 4.55 3.3) (end 4.5 -3.25) (layer F.CrtYd) (width 0.05))
    (fp_line (start -1.5 3.25) (end 4.55 3.3) (layer F.CrtYd) (width 0.05))
    (fp_line (start -1.5 -3.25) (end -1.5 3.25) (layer F.CrtYd) (width 0.05))
    (fp_line (start -1.29 -1.64) (end -1.29 1.64) (layer F.SilkS) (width 0.12))
    (fp_line (start -1.23 -1.566046) (end -1.23 1.566046) (layer F.Fab) (width 0.1))
    (fp_circle (center 1.27 0) (end 3.77 0) (layer F.SilkS) (width 0.12))
    (fp_circle (center 1.27 0) (end 3.77 0) (layer F.Fab) (width 0.1))
    (fp_arc (start 1.27 0) (end -1.29 1.639512) (angle -147.4) (layer F.SilkS) (width 0.12))
    (fp_arc (start 1.27 0) (end -1.29 -1.639512) (angle 147.4) (layer F.SilkS) (width 0.12))
    (fp_arc (start 1.27 0) (end -1.23 -1.566046) (angle 295.9) (layer F.Fab) (width 0.1))
    (fp_text user "+ -" (at 1.3208 -2.0828) (layer B.SilkS)
      (effects (font (size 1 1) (thickness 0.15)) (justify mirror))
    )
    (pad 2 thru_hole oval (at 2.54 0) (size 2 2) (drill 0.82 (offset 0.25 0)) (layers *.Cu *.Mask)
      (net 13 E))
    (pad 1 thru_hole roundrect (at 0 0) (size 2 2) (drill 0.82 (offset -0.25 0)) (layers *.Cu *.Mask) (roundrect_rratio 0.25)
      (net 1 GND))
    (model ${KISYS3DMOD}/LEDs.3dshapes/LED_D5.0mm_FlatTop.wrl
      (at (xyz 0 0 0))
      (scale (xyz 0.393701 0.393701 0.393701))
      (rotate (xyz 0 0 0))
    )
  )

  (module TEST:LED_D5.0mm_BigPads (layer F.Cu) (tedit 5D71C4FD) (tstamp 5D7A848A)
    (at 140.716 80.264)
    (descr "LED, Round, FlatTop, diameter 5.0mm, 2 pins, http://www.kingbright.com/attachments/file/psearch/000/00/00/L-483GDT(Ver.15B).pdf")
    (tags "LED Round FlatTop diameter 5.0mm 2 pins")
    (path /5D7B53AA)
    (fp_text reference D12 (at 1.6764 2.1844) (layer B.SilkS)
      (effects (font (size 1 1) (thickness 0.15)) (justify mirror))
    )
    (fp_text value LED (at 1.425 4.25) (layer F.Fab)
      (effects (font (size 1 1) (thickness 0.15)))
    )
    (fp_text user "+ -" (at 1.3208 -2.0828) (layer B.SilkS)
      (effects (font (size 1 1) (thickness 0.15)) (justify mirror))
    )
    (fp_arc (start 1.27 0) (end -1.23 -1.566046) (angle 295.9) (layer F.Fab) (width 0.1))
    (fp_arc (start 1.27 0) (end -1.29 -1.639512) (angle 147.4) (layer F.SilkS) (width 0.12))
    (fp_arc (start 1.27 0) (end -1.29 1.639512) (angle -147.4) (layer F.SilkS) (width 0.12))
    (fp_circle (center 1.27 0) (end 3.77 0) (layer F.Fab) (width 0.1))
    (fp_circle (center 1.27 0) (end 3.77 0) (layer F.SilkS) (width 0.12))
    (fp_line (start -1.23 -1.566046) (end -1.23 1.566046) (layer F.Fab) (width 0.1))
    (fp_line (start -1.29 -1.64) (end -1.29 1.64) (layer F.SilkS) (width 0.12))
    (fp_line (start -1.5 -3.25) (end -1.5 3.25) (layer F.CrtYd) (width 0.05))
    (fp_line (start -1.5 3.25) (end 4.55 3.3) (layer F.CrtYd) (width 0.05))
    (fp_line (start 4.55 3.3) (end 4.5 -3.25) (layer F.CrtYd) (width 0.05))
    (fp_line (start 4.5 -3.25) (end -1.5 -3.25) (layer F.CrtYd) (width 0.05))
    (fp_arc (start 1.27 0) (end -1.29 -1.639512) (angle 147.4) (layer B.SilkS) (width 0.12))
    (fp_arc (start 1.27 0) (end -1.29 1.639512) (angle -147.4) (layer B.SilkS) (width 0.12))
    (fp_line (start -1.29 -1.639512) (end -1.29 1.640488) (layer B.SilkS) (width 0.12))
    (pad 1 thru_hole roundrect (at 0 0) (size 2 2) (drill 0.82 (offset -0.25 0)) (layers *.Cu *.Mask) (roundrect_rratio 0.25)
      (net 1 GND))
    (pad 2 thru_hole oval (at 2.54 0) (size 2 2) (drill 0.82 (offset 0.25 0)) (layers *.Cu *.Mask)
      (net 13 E))
    (model ${KISYS3DMOD}/LEDs.3dshapes/LED_D5.0mm_FlatTop.wrl
      (at (xyz 0 0 0))
      (scale (xyz 0.393701 0.393701 0.393701))
      (rotate (xyz 0 0 0))
    )
  )

  (module TEST:LED_D5.0mm_BigPads (layer F.Cu) (tedit 5D71C4FD) (tstamp 5D7A849E)
    (at 139.192 88.392)
    (descr "LED, Round, FlatTop, diameter 5.0mm, 2 pins, http://www.kingbright.com/attachments/file/psearch/000/00/00/L-483GDT(Ver.15B).pdf")
    (tags "LED Round FlatTop diameter 5.0mm 2 pins")
    (path /5D7B7E1D)
    (fp_text reference D13 (at 1.6764 2.1844) (layer B.SilkS)
      (effects (font (size 1 1) (thickness 0.15)) (justify mirror))
    )
    (fp_text value LED (at 1.425 4.25) (layer F.Fab)
      (effects (font (size 1 1) (thickness 0.15)))
    )
    (fp_line (start -1.29 -1.639512) (end -1.29 1.640488) (layer B.SilkS) (width 0.12))
    (fp_arc (start 1.27 0) (end -1.29 1.639512) (angle -147.4) (layer B.SilkS) (width 0.12))
    (fp_arc (start 1.27 0) (end -1.29 -1.639512) (angle 147.4) (layer B.SilkS) (width 0.12))
    (fp_line (start 4.5 -3.25) (end -1.5 -3.25) (layer F.CrtYd) (width 0.05))
    (fp_line (start 4.55 3.3) (end 4.5 -3.25) (layer F.CrtYd) (width 0.05))
    (fp_line (start -1.5 3.25) (end 4.55 3.3) (layer F.CrtYd) (width 0.05))
    (fp_line (start -1.5 -3.25) (end -1.5 3.25) (layer F.CrtYd) (width 0.05))
    (fp_line (start -1.29 -1.64) (end -1.29 1.64) (layer F.SilkS) (width 0.12))
    (fp_line (start -1.23 -1.566046) (end -1.23 1.566046) (layer F.Fab) (width 0.1))
    (fp_circle (center 1.27 0) (end 3.77 0) (layer F.SilkS) (width 0.12))
    (fp_circle (center 1.27 0) (end 3.77 0) (layer F.Fab) (width 0.1))
    (fp_arc (start 1.27 0) (end -1.29 1.639512) (angle -147.4) (layer F.SilkS) (width 0.12))
    (fp_arc (start 1.27 0) (end -1.29 -1.639512) (angle 147.4) (layer F.SilkS) (width 0.12))
    (fp_arc (start 1.27 0) (end -1.23 -1.566046) (angle 295.9) (layer F.Fab) (width 0.1))
    (fp_text user "+ -" (at 1.3208 -2.0828) (layer B.SilkS)
      (effects (font (size 1 1) (thickness 0.15)) (justify mirror))
    )
    (pad 2 thru_hole oval (at 2.54 0) (size 2 2) (drill 0.82 (offset 0.25 0)) (layers *.Cu *.Mask)
      (net 14 F))
    (pad 1 thru_hole roundrect (at 0 0) (size 2 2) (drill 0.82 (offset -0.25 0)) (layers *.Cu *.Mask) (roundrect_rratio 0.25)
      (net 1 GND))
    (model ${KISYS3DMOD}/LEDs.3dshapes/LED_D5.0mm_FlatTop.wrl
      (at (xyz 0 0 0))
      (scale (xyz 0.393701 0.393701 0.393701))
      (rotate (xyz 0 0 0))
    )
  )

  (module TEST:LED_D5.0mm_BigPads (layer F.Cu) (tedit 5D71C4FD) (tstamp 5D7A84B2)
    (at 143.764 96.52)
    (descr "LED, Round, FlatTop, diameter 5.0mm, 2 pins, http://www.kingbright.com/attachments/file/psearch/000/00/00/L-483GDT(Ver.15B).pdf")
    (tags "LED Round FlatTop diameter 5.0mm 2 pins")
    (path /5D7B7E24)
    (fp_text reference D14 (at 1.6764 2.1844) (layer B.SilkS)
      (effects (font (size 1 1) (thickness 0.15)) (justify mirror))
    )
    (fp_text value LED (at 1.425 4.25) (layer F.Fab)
      (effects (font (size 1 1) (thickness 0.15)))
    )
    (fp_text user "+ -" (at 1.3208 -2.0828) (layer B.SilkS)
      (effects (font (size 1 1) (thickness 0.15)) (justify mirror))
    )
    (fp_arc (start 1.27 0) (end -1.23 -1.566046) (angle 295.9) (layer F.Fab) (width 0.1))
    (fp_arc (start 1.27 0) (end -1.29 -1.639512) (angle 147.4) (layer F.SilkS) (width 0.12))
    (fp_arc (start 1.27 0) (end -1.29 1.639512) (angle -147.4) (layer F.SilkS) (width 0.12))
    (fp_circle (center 1.27 0) (end 3.77 0) (layer F.Fab) (width 0.1))
    (fp_circle (center 1.27 0) (end 3.77 0) (layer F.SilkS) (width 0.12))
    (fp_line (start -1.23 -1.566046) (end -1.23 1.566046) (layer F.Fab) (width 0.1))
    (fp_line (start -1.29 -1.64) (end -1.29 1.64) (layer F.SilkS) (width 0.12))
    (fp_line (start -1.5 -3.25) (end -1.5 3.25) (layer F.CrtYd) (width 0.05))
    (fp_line (start -1.5 3.25) (end 4.55 3.3) (layer F.CrtYd) (width 0.05))
    (fp_line (start 4.55 3.3) (end 4.5 -3.25) (layer F.CrtYd) (width 0.05))
    (fp_line (start 4.5 -3.25) (end -1.5 -3.25) (layer F.CrtYd) (width 0.05))
